[0.48, 1.92, 0.48, 0.0, -0.48, -0.96, 0.48, -1.44, 0.0]
[1.44, 1.93, 0.48, 0.96, 0.0, -0.49, 0.96, -3.37, 0.0]
[0.97, -3.37, 0.97, 0.0, -0.48, -0.96, 0.0, 0.96, 0.48]
[0.97, 0.48, 0.0, 0.48, -0.97, -0.48, 1.45, 0.97, 0.97]
[0.96, 1.93, 0.0, 0.48, -0.48, -0.97, 0.0, -3.85, 0.0]
[1.44, 0.96, 0.0, 0.0, -2.41, 0.48, 0.48, -0.48, -0.48]
[0.96, 0.48, 0.48, -0.96, -1.93, -1.45, 0.96, -1.45, 0.0]
[1.45, 0.48, 0.48, 0.48, -1.45, -0.96, 0.97, 0.97, 0.97]
[0.48, 2.41, 0.48, 0.96, -1.93, -1.45, 0.48, -2.89, -0.96]
[0.0, -1.93, 0.0, 0.0, -0.48, -0.48, 0.48, 2.41, 0.0]
[0.96, 1.44, 0.48, -0.97, 0.0, -0.48, 0.48, 0.0, 0.0]
[0.48, 0.48, -0.48, 0.0, 0.0, -0.97, 1.45, 1.45, 0.97]
[1.44, 1.44, 0.96, -0.48, -0.97, 0.0, 1.44, 0.0, 0.48]
[0.0, 0.0, 0.0, 0.96, 0.96, 0.0, 0.48, 0.0, 0.48]
[0.0, 0.48, -0.49, 0.97, 0.0, 0.0, 1.44, -2.41, 0.96]
[0.48, 1.44, 0.48, -0.48, -1.93, -1.45, 0.0, -0.97, 0.0]
[0.96, 0.48, 0.96, 0.0, -2.89, -0.48, 0.0, -2.89, 0.96]
[1.45, 0.48, 0.0, 1.92, -0.48, -0.48, 0.0, -1.44, 0.0]
