[1.33, 1.33, 0.0, 3.99, 1.33, 1.33, 0.0, -1.33, 0.0]
[1.33, 1.33, 2.66, -1.33, 1.33, 1.33, 0.0, 0.0, 1.33]
[0.0, 3.99, 1.33, 2.66, 2.66, 1.33, 1.33, 0.0, 2.66]
[-1.33, 13.28, 3.99, 0.0, 1.33, 0.0, -1.33, 13.28, 2.66]
[0.0, 0.0, 1.33, -1.33, 100.94, -1.33, 0.0, 0.0, 1.33]
[0.0, 2.66, 0.0, 1.33, 1.33, 0.0, 6.64, 1.33, 0.0]
[0.0, -1.33, 2.66, 1.33, 0.0, 2.66, 1.33, -2.66, 5.31]
[1.33, 2.66, 1.33, 0.0, 0.0, 2.66, 1.33, 1.33, 0.0]
[-1.33, 2.66, 1.33, -1.33, 2.66, 1.33, -1.33, 7.97, 2.66]
[1.33, 13.28, 0.0, 0.0, 7.97, 0.0, 0.0, 11.95, 1.33]
[1.33, 1.33, 1.33, 1.33, 0.0, 1.33, 0.0, 0.0, 0.0]
[0.0, 2.66, 1.33, 2.66, 0.0, 0.0, 2.66, 2.66, 0.0]
[0.0, 1.33, -2.65, 0.0, 0.0, 0.0, 0.0, 0.0, -5.31]
[0.0, 1.33, 0.0, 0.0, -1.33, 0.0, -1.33, 0.0, 0.0]
[3.99, 2.66, 0.0, 1.33, 2.66, 0.0, 3.98, 0.0, 3.98]
[2.66, 1.33, 6.64, -1.33, 0.0, 0.0, 2.66, 0.0, 1.33]
[1.33, 0.0, -5.31, 0.0, 0.0, -2.65, 0.0, 0.0, 0.0]
[1.33, 6.64, 0.0, 1.33, 3.98, 0.0, 0.0, 104.92, 0.0]
[0.0, 5.31, 1.33, 0.0, 1.33, 1.33, 0.0, 1.33, 1.33]
[1.33, 2.66, 0.0, 1.33, 0.0, 0.0, 0.0, 0.0, -1.33]
