[1.33, 1.99, 0.66, 0.66, 0.66, 0.0, 0.0, -2.66, 0.0]
[-0.66, 0.0, -0.66, 0.0, 0.0, -0.67, 0.67, 0.0, 0.0]
[-0.67, -0.67, 0.0, 0.66, 0.66, 0.0, 1.33, 1.33, 0.66]
[-0.66, 3.32, -0.66, 0.0, 0.66, -0.67, 0.0, 0.67, 0.67]
[0.66, 0.0, 0.66, 0.0, -0.66, -0.66, -0.67, -1.33, 0.0]
[0.0, -0.67, 0.66, -0.67, 0.66, 0.0, 0.0, 0.0, 0.0]
[0.0, 0.0, 0.0, -0.67, -0.67, 0.0, 1.33, 1.33, 1.33]
[0.67, 1.33, 0.0, 0.0, 0.0, 0.0, 0.0, -1.33, 0.66]
[0.0, -2.66, 0.0, 0.0, 1.33, 0.66, 0.0, -0.67, -0.67]
[0.0, 0.66, 0.0, 0.66, 0.0, -0.67, 1.33, 0.0, 0.67]
[0.66, 0.66, 0.66, 0.67, 0.67, 0.0, 0.66, -1.33, -0.67]
[0.0, 1.33, 0.0, 0.66, -0.67, 0.0, 1.33, -0.66, 1.33]
[-0.66, 0.67, -0.66, 1.99, 0.67, 0.0, 0.67, -0.66, 0.0]
[0.0, 0.0, -0.67, 0.66, 0.66, -0.67, 0.0, -1.33, 0.66]
[0.0, 1.33, 0.0, 1.32, 0.66, 0.0, 0.0, -0.66, 0.0]
[-0.67, 0.0, 0.0, 0.66, -0.66, -0.66, 0.0, -1.33, 0.66]
[0.0, -0.67, 0.0, 1.32, -0.67, 0.0, 0.66, -0.67, 1.32]
