[-44.81, -44.33, -42.89, -44.33, -78.06, -78.06, -78.54, -79.02, -40.96, -40.48, -42.4, -40.96]
[-44.33, -42.89, -42.4, -43.85, -79.02, -78.06, -79.02, -79.51, -41.92, -40.96, -45.29, -41.92]
[-42.89, -41.92, -46.26, -41.92, -78.06, -78.06, -78.54, -79.02, -43.85, -43.85, -42.89, -43.37]
[-43.37, -42.4, -42.89, -43.37, -78.54, -78.06, -79.51, -79.02, -43.37, -41.92, -42.4, -42.4]
[-44.33, -43.37, -42.4, -44.33, -78.54, -78.06, -79.02, -79.51, -40.96, -40.96, -44.81, -40.96]
[-44.33, -42.89, -43.37, -44.33, -41.44, -41.44, -43.85, -40.96, -78.54, -78.06, -79.02, -79.02]
[-44.81, -43.85, -44.33, -44.33, -78.06, -79.02, -79.99, -79.51, -41.44, -40.48, -42.89, -41.44]
[-43.85, -42.4, -43.37, -43.37, -78.06, -77.58, -79.51, -79.02, -42.89, -41.92, -41.92, -41.92]
[-44.81, -44.33, -42.4, -44.33, -78.54, -77.58, -80.47, -79.99, -40.96, -40.48, -43.85, -41.92]
[-41.44, -41.44, -43.37, -41.44, -78.54, -78.54, -79.02, -79.02, -44.81, -44.33, -42.4, -44.81]
[-44.33, -43.37, -42.89, -43.85, -78.54, -79.51, -78.54, -79.02, -41.44, -40.96, -41.44, -41.44]
[-43.37, -42.89, -42.89, -43.85, -78.54, -78.54, -78.54, -79.51, -43.37, -41.92, -41.92, -42.4]
[-44.81, -43.37, -43.37, -43.85, -78.54, -79.02, -79.51, -78.54, -41.92, -40.48, -41.92, -41.44]
[-44.33, -44.33, -44.33, -44.33, -79.02, -78.06, -78.06, -79.02, -41.92, -41.44, -41.92, -41.44]
[-42.4, -42.4, -41.92, -42.89, -79.51, -78.54, -79.51, -79.51, -44.33, -42.89, -46.74, -43.37]
[-44.33, -43.85, -42.89, -43.85, -78.06, -78.54, -79.99, -79.51, -41.92, -41.92, -42.89, -41.92]
[-44.33, -43.37, -43.85, -43.37, -78.54, -78.54, -81.43, -79.02, -41.44, -41.44, -44.33, -40.48]
[-43.85, -42.4, -43.37, -43.85, -78.54, -76.62, -79.02, -79.02, -40.96, -40.96, -42.4, -40.96]
