[0.44, 1.77, 0.0, 0.89, -3.54, -1.33, 0.88, 3.09, 0.44]
[1.33, 1.77, 1.33, 0.88, -0.89, -0.44, 0.44, -0.89, 0.88]
[0.88, 0.88, 1.32, 0.0, -0.45, -1.33, -1.33, -2.66, -0.89]
[0.0, 2.21, 0.44, 0.0, -0.88, -1.77, 0.0, -3.1, 0.44]
[0.44, 1.77, 0.44, -1.33, -1.33, -2.21, 0.45, -0.88, 0.45]
[-0.44, -0.44, 0.45, -0.44, -1.33, -0.89, 0.45, 0.45, 0.89]
[0.89, 2.22, 1.33, 0.0, -3.1, -0.44, 0.0, -2.65, 1.33]
[0.44, 0.0, 0.44, -0.44, -1.77, -0.88, -0.44, -0.88, 0.44]
[0.88, 1.32, 0.44, -0.88, 0.0, -1.33, 0.45, -2.21, 0.45]
[0.0, 0.0, 0.44, 0.0, 0.44, -1.33, 0.88, 1.33, 1.33]
[0.0, 0.88, 0.88, 0.0, -1.33, -0.44, 0.89, -0.44, 0.89]
[0.88, 2.65, 0.88, -0.89, 0.44, -1.33, 0.0, -2.65, -0.44]
[0.44, 1.77, 0.0, -0.45, -2.22, 0.0, -0.89, -1.77, 1.33]
[0.44, 0.88, 1.33, 0.44, -0.44, 0.0, 0.89, 0.44, 0.44]
[0.88, 1.77, 0.88, 0.0, -0.88, -0.88, -0.44, -2.22, -0.44]
[1.33, 1.33, 0.88, 0.44, 0.0, -0.45, 0.0, 1.33, 0.44]
