[-79.02, -78.36, -78.36, -79.02, -41.17, -41.17, -43.83, -41.17, -44.49, -43.16, -42.5, -43.83]
[37.19, 37.19, 36.52, 37.85, 89.65, 89.65, 90.98, 89.65, 45.82, 46.48, 47.15, 46.48]
[-43.83, -44.49, -43.83, -44.49, -79.02, -79.02, -79.02, -79.69, -41.84, -41.17, -41.84, -41.84]
[-43.16, -43.83, -43.83, -43.16, -79.02, -78.36, -78.36, -79.02, -42.5, -41.17, -41.17, -41.84]
[-79.02, -79.02, -78.36, -79.69, -43.83, -44.49, -40.51, -44.49, -41.84, -41.84, -41.17, -41.17]
[-78.36, -78.36, -79.02, -79.02, -41.17, -41.84, -42.5, -41.17, -44.49, -43.83, -44.49, -43.83]
[-43.83, -44.49, -43.16, -43.83, -79.02, -79.02, -79.69, -79.02, -41.84, -41.17, -43.16, -41.84]
[-44.49, -45.16, -43.83, -44.49, -41.17, -41.17, -41.84, -40.51, -79.02, -79.02, -79.02, -79.02]
[-44.49, -44.49, -44.49, -44.49, -79.02, -79.69, -79.69, -79.02, -42.5, -41.17, -41.17, -41.17]
[-43.83, -43.16, -42.5, -43.83, -79.02, -79.02, -79.02, -79.02, -42.5, -42.5, -43.83, -41.84]
[-44.49, -44.49, -43.16, -43.83, -41.17, -41.17, -43.83, -41.17, -79.02, -79.02, -79.69, -79.69]
[-41.84, -40.51, -41.84, -41.17, -44.49, -44.49, -43.83, -44.49, -79.02, -78.36, -79.02, -79.69]
[-44.49, -43.83, -43.83, -43.83, -41.84, -41.17, -41.17, -41.84, -79.02, -78.36, -80.35, -79.69]
[-42.5, -41.17, -43.16, -41.17, -44.49, -44.49, -43.16, -44.49, -79.02, -78.36, -79.69, -79.02]
[-79.69, -77.7, -79.02, -79.69, -43.83, -44.49, -43.16, -44.49, -41.84, -41.17, -42.5, -41.84]
[-79.02, -78.36, -78.36, -79.69, -43.16, -43.16, -43.16, -43.83, -42.5, -42.5, -43.83, -41.84]
[-43.83, -43.83, -42.5, -43.83, -79.02, -77.7, -78.36, -79.02, -41.84, -41.84, -42.5, -41.84]
[-43.16, -43.83, -43.16, -43.16, -78.36, -77.7, -79.02, -79.02, -42.5, -42.5, -43.83, -41.84]
[-43.16, -43.16, -43.83, -43.16, -79.02, -77.7, -79.69, -79.02, -43.16, -42.5, -43.83, -41.84]
[-43.83, -43.83, -41.17, -43.83, -79.02, -78.36, -78.36, -79.69, -41.84, -41.17, -43.83, -41.84]
