[-45.6, -44.27, -43.83, -44.27, -78.8, -77.92, -79.69, -79.24, -41.17, -40.73, -42.06, -40.29]
[-44.71, -43.83, -43.83, -43.39, -79.24, -79.24, -79.69, -80.57, -41.61, -42.94, -44.27, -42.5]
[-44.71, -44.71, -42.5, -44.27, -78.36, -78.36, -79.24, -80.13, -41.17, -41.17, -44.27, -40.73]
[-44.27, -43.83, -42.5, -44.27, -78.36, -77.47, -81.9, -79.69, -41.61, -40.73, -38.52, -41.17]
[-44.27, -43.83, -42.5, -43.83, -78.36, -79.69, -79.69, -80.57, -42.06, -41.61, -42.94, -41.61]
[-44.27, -43.39, -41.17, -44.71, -78.8, -78.36, -75.7, -79.69, -42.06, -41.17, -42.06, -41.61]
[-45.16, -44.71, -44.71, -44.27, -78.8, -79.24, -80.13, -79.69, -42.06, -42.5, -42.5, -41.61]
[-45.16, -44.27, -42.94, -43.83, -78.36, -78.36, -81.46, -78.8, -42.06, -42.06, -44.71, -40.73]
[-44.71, -44.27, -44.71, -44.27, -78.36, -78.8, -80.13, -79.24, -40.73, -41.17, -41.61, -40.29]
[-78.36, -79.24, -78.36, -79.69, -44.71, -43.83, -43.39, -44.27, -42.06, -41.61, -44.27, -41.61]
[-43.83, -43.83, -43.83, -43.39, -79.24, -79.24, -78.8, -80.57, -42.94, -42.06, -41.61, -41.61]
[-42.5, -41.61, -42.94, -41.61, -44.27, -44.27, -43.39, -43.39, -78.8, -78.8, -80.13, -79.24]
[-45.16, -44.71, -43.83, -43.83, -78.8, -78.8, -79.24, -79.69, -41.61, -42.06, -42.5, -41.61]
[-45.6, -44.27, -44.27, -44.27, -78.8, -79.24, -79.69, -79.24, -41.61, -41.17, -42.06, -41.61]
[-78.8, -79.69, -78.36, -80.13, -42.06, -42.06, -44.71, -42.5, -44.71, -43.83, -42.06, -43.83]
[-44.27, -43.83, -42.5, -44.27, -79.24, -79.69, -81.46, -79.24, -42.5, -43.39, -44.27, -41.17]
[-44.27, -44.27, -43.83, -43.39, -78.36, -79.69, -79.69, -80.57, -42.06, -42.5, -42.5, -40.73]
[-44.27, -43.83, -43.39, -42.94, -42.5, -41.61, -42.06, -42.06, -78.8, -78.36, -79.24, -78.8]
[-44.71, -43.83, -42.94, -43.83, -78.36, -78.36, -79.24, -79.24, -41.17, -41.61, -43.39, -41.61]
[-44.27, -42.94, -42.94, -43.39, -79.24, -78.8, -79.24, -79.69, -42.5, -42.5, -41.17, -42.06]
