[-79.69, -75.7, -78.36, -78.36, -42.5, -42.5, -43.83, -42.5, -43.83, -42.5, -42.5, -43.83]
[-43.83, -42.5, -42.5, -41.17, -42.5, -42.5, -42.5, -41.17, -79.69, -81.02, -78.36, -78.36]
[-43.83, -43.83, -39.84, -42.5, -79.69, -77.03, -77.03, -78.36, -42.5, -41.17, -42.5, -39.84]
[-43.83, -45.16, -30.55, -39.84, -79.69, -79.69, -78.36, -79.69, -42.5, -43.83, -29.22, -39.84]
[-42.5, -42.5, -42.5, -41.17, -79.69, -81.02, 21.25, -81.02, -43.83, -43.83, -43.83, -42.5]
[-43.83, -42.5, -42.5, -43.83, -79.69, -73.05, -78.36, -79.69, -42.5, -42.5, -39.84, -42.5]
[-43.83, -45.16, -38.52, -37.19, -79.69, -82.34, -78.36, -81.02, -41.17, -42.5, -37.19, -33.2]
[-43.83, -43.83, -45.16, -41.17, -79.69, -78.36, -79.69, -77.03, -42.5, -41.17, -45.16, -37.19]
[-43.83, -42.5, -41.17, -42.5, -79.69, -79.69, -79.69, -77.03, -42.5, -41.17, -41.17, -42.5]
[-43.83, -39.84, -41.17, -27.89, -79.69, -78.36, -78.36, -79.69, -42.5, -38.52, -41.17, -26.56]
[-43.83, -43.83, -42.5, -39.84, -79.69, -79.69, -77.03, -79.69, -42.5, -41.17, -41.17, -34.53]
[-42.5, -43.83, -39.84, -41.17, -79.69, -81.02, -71.72, -77.03, -42.5, -43.83, -39.84, -41.17]
[-79.69, -79.69, -71.72, -79.69, -43.83, -42.5, -30.55, -43.83, -42.5, -42.5, -30.55, -41.17]
[-43.83, -42.5, -42.5, -42.5, -79.69, -79.69, -79.69, -79.69, -43.83, -42.5, -43.83, -42.5]
[-43.83, -43.83, -41.17, -42.5, -42.5, -39.84, -39.84, -42.5, -79.69, -77.03, -79.69, -79.69]
[-43.83, -43.83, -42.5, -46.48, -79.69, -79.69, -79.69, -79.69, -42.5, -42.5, -42.5, -47.81]
[-79.69, -79.69, -81.02, -79.69, -42.5, -43.83, -42.5, -42.5, -43.83, -43.83, -42.5, -43.83]
[-45.16, -43.83, -45.16, -43.83, -79.69, -78.36, -79.69, -79.69, -42.5, -41.17, -42.5, -42.5]
[-43.83, -39.84, -41.17, -43.83, -79.69, -78.36, -77.03, -79.69, -42.5, -38.52, -42.5, -38.52]
[-43.83, -41.17, -42.5, -37.19, -79.69, -81.02, -79.69, -79.69, -42.5, -39.84, -42.5, -41.17]
[-43.83, -43.83, -43.83, -46.48, -41.17, -39.84, -41.17, -46.48, -79.69, -79.69, -79.69, -79.69]
[-79.69, -79.69, 25.23, -79.69, -42.5, -41.17, -38.52, -42.5, -43.83, -42.5, -37.19, -43.83]
[-43.83, -43.83, -38.52, -42.5, -81.02, -81.02, -79.69, -79.69, -42.5, -42.5, -41.17, -41.17]
[-43.83, -42.5, -41.17, -43.83, -79.69, -78.36, -79.69, -79.69, -42.5, -42.5, -42.5, -43.83]
[-43.83, -43.83, -43.83, -43.83, -79.69, -77.03, -79.69, -81.02, -42.5, -42.5, -41.17, -43.83]
