[0.0, -1.33, 1.33, 0.0, -1.33, -1.33, 1.33, -2.66, -1.33]
[-2.66, 1.33, 1.33, -1.33, -1.33, -1.33, -1.33, 1.33, 1.33]
[0.0, -1.33, 0.0, 1.33, 0.0, 1.33, 0.0, 1.32, 0.0]
[-1.33, 0.0, -2.66, 1.33, 0.0, 0.0, 1.33, 0.0, -1.33]
[0.0, 1.33, 1.33, 1.33, 1.33, 0.0, 1.33, 0.0, 1.33]
[-1.33, 0.0, 0.0, 1.33, 1.33, 0.0, 0.0, -1.33, 0.0]
[-1.33, 3.98, 0.0, -1.33, -1.33, 0.0, 0.0, -1.33, 0.0]
[0.0, 1.33, 2.66, -1.33, 1.33, 1.33, -2.65, 1.33, 1.33]
[0.0, 0.0, 0.0, 0.0, 0.0, 0.0, 0.0, -1.33, 0.0]
[1.33, 0.0, 0.0, 6.64, 1.33, 0.0, 1.33, 5.32, 1.33]
[0.0, 0.0, 1.33, 1.33, 0.0, 1.33, 0.0, 1.33, 1.33]
[-1.33, -2.66, -1.33, 2.66, 0.0, 1.33, -1.33, -2.66, -1.33]
[6.64, 1.33, 0.0, -1.33, -1.33, 0.0, -1.33, 1.33, 0.0]
[-1.33, 0.0, 0.0, 0.0, 1.33, 1.33, 2.65, 0.0, -1.33]
[0.0, 1.32, 3.98, 0.0, -1.33, 1.33, 0.0, 0.0, 0.0]
[-1.33, 0.0, 0.0, -1.33, -1.33, 0.0, 0.0, 0.0, 0.0]
