[33.2, 29.22, 29.22, 31.88, -46.48, -46.48, -46.48, -46.48, -21.25, -21.25, -21.25, -19.92]
[33.2, 31.88, 31.88, 33.2, -19.92, -15.94, -22.58, -19.92, -46.48, -45.16, -47.81, -47.81]
[33.2, 30.55, 30.55, 31.88, -46.48, -46.48, -46.48, -45.16, -19.92, -18.59, -22.58, -18.59]
[34.53, 33.2, 33.2, 34.53, -46.48, -46.48, -46.48, -46.48, -19.92, -17.27, -18.59, -18.59]
[34.53, 33.2, 34.53, 33.2, -17.27, -18.59, -18.59, -15.94, -46.48, -46.48, -45.16, -45.16]
[33.2, 30.55, 31.88, 33.2, -46.48, -47.81, -46.48, -46.48, -19.92, -22.58, -18.59, -19.92]
[-18.59, -19.92, -19.92, -18.59, 34.53, 30.55, 34.53, 33.2, -46.48, -46.48, -47.81, -47.81]
[33.2, 30.55, 27.89, 30.55, -46.48, -47.81, -47.81, -47.81, -19.92, -19.92, -26.56, -21.25]
[34.53, 33.2, 33.2, 34.53, -18.59, -18.59, -18.59, -18.59, -46.48, -45.16, -45.16, -46.48]
[-46.48, -46.48, -46.48, -45.16, -19.92, -18.59, -19.92, -13.28, 33.2, 33.2, 34.53, 31.88]
[33.2, 33.2, 33.2, 33.2, -46.48, -47.81, -46.48, -47.81, -19.92, -21.25, -21.25, -19.92]
[33.2, 29.22, 33.2, 30.55, -19.92, -22.58, -19.92, -13.28, -46.48, -47.81, -47.81, -49.14]
[33.2, 31.88, 31.88, 33.2, -46.48, -47.81, -49.14, -46.48, -19.92, -17.27, -18.59, -19.92]
[33.2, 30.55, 31.88, 34.53, -46.48, -45.16, -47.81, -46.48, -21.25, -18.59, -18.59, -17.27]
[34.53, 33.2, 34.53, 34.53, -46.48, -47.81, -45.16, -46.48, -17.27, -17.27, -19.92, -15.94]
[34.53, 33.2, 31.88, 33.2, -46.48, -47.81, -39.84, -46.48, -19.92, -19.92, -19.92, -19.92]
[33.2, 31.88, 30.55, 33.2, -47.81, -47.81, -46.48, -47.81, -21.25, -21.25, -22.58, -19.92]
[34.53, 35.86, 33.2, 35.86, -45.16, -46.48, -46.48, -46.48, -18.59, -18.59, -18.59, -17.27]
