[-19.92, -19.92, -21.25, -18.59, -55.78, -55.78, -57.11, -57.11, -71.72, -70.39, -74.38, -73.05]
[-19.92, -22.58, -18.59, -18.59, -55.78, -57.11, -57.11, -57.11, -73.05, -74.38, -71.72, -71.72]
[-71.72, -71.72, -73.05, -71.72, -57.11, -55.78, -57.11, -55.78, -18.59, -18.59, -17.27, -18.59]
[-19.92, -21.25, -19.92, -22.58, -55.78, -54.45, -55.78, -55.78, -73.05, -71.72, -73.05, -74.38]
[-19.92, -19.92, -18.59, -18.59, -73.05, -71.72, -71.72, -73.05, -57.11, -55.78, -57.11, -55.78]
[-19.92, -21.25, -19.92, -19.92, -73.05, -71.72, -71.72, -73.05, -55.78, -55.78, -57.11, -55.78]
[-18.59, -19.92, -14.61, -18.59, -55.78, -57.11, -57.11, -55.78, -71.72, -71.72, -73.05, -71.72]
[-21.25, -21.25, -19.92, -18.59, -57.11, -58.44, -55.78, -55.78, -74.38, -77.03, -73.05, -73.05]
[-19.92, -19.92, -19.92, -19.92, -55.78, -55.78, -55.78, -55.78, -73.05, -73.05, -74.38, -73.05]
[-19.92, -18.59, -19.92, -19.92, -55.78, -49.14, -54.45, -55.78, -73.05, -71.72, -67.73, -71.72]
[-19.92, -19.92, -19.92, -18.59, -57.11, -55.78, -57.11, -55.78, -73.05, -73.05, -71.72, -71.72]
[-18.59, -19.92, -21.25, -19.92, -57.11, -54.45, -57.11, -55.78, -71.72, -73.05, -74.38, -73.05]
[-19.92, -13.28, -18.59, -19.92, -55.78, -57.11, -57.11, -55.78, -73.05, -74.38, -71.72, -73.05]
[-19.92, -21.25, -19.92, -19.92, -73.05, -73.05, -71.72, -71.72, -55.78, -53.13, -55.78, -57.11]
[-18.59, -18.59, -17.27, -14.61, -55.78, -55.78, -57.11, -54.45, -71.72, -71.72, -71.72, -71.72]
[-19.92, -21.25, -19.92, -19.92, -55.78, -57.11, -57.11, -55.78, -73.05, -73.05, -73.05, -73.05]
