[-42.5, -45.16, -45.16, -43.83, -43.83, -43.83, -45.16, -43.83, -82.34, -82.34, -83.67, -82.34]
[-42.5, -43.83, -42.5, -42.5, -43.83, -43.83, -42.5, -43.83, -82.34, -82.34, -81.02, -81.02]
[-43.83, -43.83, -42.5, -43.83, -43.83, -43.83, -42.5, -43.83, -82.34, -82.34, -82.34, -82.34]
[-43.83, -41.17, -42.5, -39.84, -43.83, -42.5, -42.5, -41.17, -82.34, -81.02, -82.34, -82.34]
[-43.83, -42.5, -42.5, -42.5, -82.34, -82.34, -82.34, -83.67, -43.83, -43.83, -43.83, -41.17]
[-42.5, -42.5, -41.17, -42.5, -43.83, -45.16, -42.5, -43.83, -81.02, -79.69, -81.02, -82.34]
[-43.83, -46.48, -42.5, -45.16, -43.83, -46.48, -39.84, -41.17, -82.34, -82.34, -81.02, -82.34]
[-43.83, -42.5, -43.83, -42.5, -43.83, -43.83, -42.5, -43.83, -82.34, -82.34, -81.02, -82.34]
[-43.83, -43.83, -43.83, -41.17, -42.5, -42.5, -43.83, -41.17, -82.34, -82.34, -82.34, -82.34]
[-43.83, -42.5, -43.83, -43.83, -42.5, -43.83, -42.5, -42.5, -82.34, -82.34, -81.02, -82.34]
[-43.83, -43.83, -41.17, -42.5, -43.83, -43.83, -42.5, -43.83, -82.34, -81.02, -82.34, -82.34]
[-43.83, -43.83, -42.5, -42.5, -43.83, -45.16, -42.5, -45.16, -82.34, -83.67, -82.34, -82.34]
[-43.83, -42.5, -42.5, -41.17, -43.83, -42.5, -43.83, -41.17, -82.34, -82.34, -82.34, -83.67]
[-43.83, -42.5, -43.83, -42.5, -43.83, -42.5, -41.17, -41.17, -82.34, -81.02, -79.69, -82.34]
[-43.83, -42.5, -43.83, -42.5, -43.83, -43.83, -42.5, -42.5, -82.34, -82.34, -82.34, -82.34]
[-42.5, -41.17, -42.5, -42.5, -43.83, -43.83, -43.83, -43.83, -82.34, -82.34, -83.67, -82.34]
[-43.83, -45.16, -42.5, -42.5, -43.83, -45.16, -42.5, -42.5, -82.34, -82.34, -82.34, -83.67]
[-43.83, -43.83, -42.5, -42.5, -43.83, -42.5, -41.17, -42.5, -82.34, -82.34, -81.02, -82.34]
[-42.5, -45.16, -45.16, -43.83, -43.83, -43.83, -45.16, -43.83, -82.34, -82.34, -83.67, -82.34]
[-43.83, -43.83, -42.5, -43.83, -43.83, -43.83, -42.5, -43.83, -82.34, -82.34, -82.34, -82.34]
[-43.83, -41.17, -42.5, -39.84, -43.83, -42.5, -42.5, -41.17, -82.34, -81.02, -82.34, -82.34]
[-43.83, -43.83, -43.83, -41.17, -43.83, -42.5, -42.5, -42.5, -82.34, -82.34, -82.34, -83.67]
[-43.83, -42.5, -43.83, -42.5, -43.83, -42.5, -42.5, -42.5, -82.34, -82.34, -82.34, -82.34]
[-42.5, -42.5, -41.17, -42.5, -43.83, -45.16, -42.5, -43.83, -81.02, -79.69, -81.02, -82.34]
[-43.83, -46.48, -42.5, -45.16, -43.83, -46.48, -39.84, -41.17, -82.34, -82.34, -81.02, -82.34]
[-43.83, -42.5, -43.83, -42.5, -43.83, -43.83, -42.5, -43.83, -82.34, -82.34, -81.02, -82.34]
[-82.34, -82.34, -82.34, -82.34, -43.83, -43.83, -43.83, -41.17, -42.5, -42.5, -43.83, -41.17]
[-43.83, -42.5, -43.83, -43.83, -82.34, -82.34, -81.02, -82.34, -42.5, -43.83, -42.5, -42.5]
[-43.83, -43.83, -41.17, -42.5, -82.34, -81.02, -82.34, -82.34, -43.83, -43.83, -42.5, -43.83]
[-43.83, -43.83, -42.5, -42.5, -43.83, -45.16, -42.5, -45.16, -82.34, -83.67, -82.34, -82.34]
[-43.83, -42.5, -42.5, -41.17, -82.34, -82.34, -82.34, -83.67, -43.83, -42.5, -43.83, -41.17]
[-43.83, -42.5, -43.83, -42.5, -43.83, -42.5, -41.17, -41.17, -82.34, -81.02, -79.69, -82.34]
[-43.83, -42.5, -43.83, -42.5, -43.83, -43.83, -42.5, -42.5, -82.34, -82.34, -82.34, -82.34]
[-42.5, -41.17, -42.5, -42.5, -43.83, -43.83, -43.83, -43.83, -82.34, -82.34, -83.67, -82.34]
[-43.83, -43.83, -38.52, -42.5, -82.34, -81.02, -81.02, -82.34, -43.83, -43.83, -39.84, -42.5]
[-43.83, -45.16, -42.5, -42.5, -43.83, -45.16, -42.5, -42.5, -82.34, -82.34, -82.34, -83.67]
[-43.83, -42.5, -41.17, -42.5, -82.34, -82.34, -81.02, -82.34, -43.83, -43.83, -42.5, -42.5]
