[43.83, 41.17, 38.52, 42.5, -38.52, -39.84, -41.17, -41.17, -2.66, -2.66, -5.31, -1.33]
[42.5, 41.17, 37.19, 42.5, -39.84, -41.17, -37.19, -41.17, -3.98, -3.98, -3.98, -5.31]
[43.83, 41.17, 42.5, 42.5, -38.52, -39.84, -39.84, -38.52, -2.66, -2.66, -2.66, -1.33]
[43.83, 42.5, 42.5, 42.5, -39.84, -39.84, -41.17, -41.17, -2.66, -2.66, -2.66, -2.66]
[43.83, 42.5, 39.84, 42.5, -1.33, -2.66, -7.97, -1.33, -38.52, -39.84, -42.5, -38.52]
[43.83, 42.5, 41.17, 43.83, -39.84, -39.84, -41.17, -41.17, -2.66, -3.98, -5.31, -2.66]
[42.5, 41.17, 39.84, 34.53, -39.84, -39.84, -38.52, -38.52, -3.98, -3.98, -3.98, 0.0]
[42.5, 43.83, 41.17, 43.83, -39.84, -39.84, -41.17, -38.52, -3.98, -3.98, -3.98, -1.33]
[42.5, 42.5, 39.84, 42.5, -39.84, -41.17, -41.17, -39.84, -3.98, -3.98, -7.97, -1.33]
[43.83, 43.83, 41.17, 43.83, -38.52, -39.84, -41.17, -38.52, -1.33, -1.33, -5.31, -1.33]
[43.83, 43.83, 39.84, 42.5, -38.52, -39.84, -41.17, -41.17, -1.33, -3.98, -3.98, -2.66]
[42.5, 42.5, 29.22, 41.17, -39.84, -39.84, -43.83, -34.53, -3.98, -3.98, -3.98, -3.98]
[42.5, 42.5, -53.13, 42.5, -3.98, -3.98, -2.66, -5.31, -39.84, -41.17, -35.86, -41.17]
[42.5, 45.16, 37.19, 38.52, -39.84, -39.84, -42.5, -39.84, -2.66, -2.66, -9.3, -1.33]
[-1.33, -1.33, -2.66, -2.66, -38.52, -38.52, -38.52, -38.52, 43.83, 42.5, 42.5, 43.83]
[43.83, 41.17, 41.17, 42.5, -38.52, -39.84, -42.5, -39.84, -2.66, -3.98, -3.98, -1.33]
