[1.33, -1.33, 0.0, 1.33, 1.33, 0.0, 0.0, -3.99, -1.33]
[0.0, -1.33, 0.0, 1.33, 0.0, -1.33, 0.0, -2.66, 0.0]
[-1.33, 0.0, 1.33, 1.33, 0.0, 0.0, 0.0, 0.0, 0.0]
[0.0, 1.33, 1.33, 1.33, 0.0, 0.0, 0.0, 0.0, 0.0]
[0.0, -1.33, 1.33, 1.33, 0.0, 0.0, 0.0, -2.66, 0.0]
[-1.33, -1.33, 0.0, 2.66, 0.0, -1.33, 1.33, 0.0, -1.33]
[-1.33, -1.33, -1.33, 1.33, -1.33, 0.0, 0.0, -2.66, 0.0]
[-1.33, -2.66, -1.33, 1.33, 0.0, 1.33, 1.33, -2.66, 0.0]
[-1.33, -1.33, 0.0, 2.66, 0.0, -1.33, 0.0, -2.66, 1.33]
[-1.33, -2.66, -2.66, 1.33, 0.0, 1.33, 0.0, -2.66, -1.33]
[-2.66, -2.66, -1.33, 0.0, 2.66, 0.0, -1.33, -1.33, -1.33]
[-1.33, -2.66, -1.33, 2.66, 2.66, 0.0, 1.33, 2.66, -1.33]
[-1.33, -1.33, -1.33, 0.0, 0.0, 0.0, 0.0, -1.33, -1.33]
[0.0, -2.66, 0.0, 0.0, 1.33, 0.0, -1.33, -1.33, 0.0]
[-1.33, -1.33, -1.33, 1.33, 3.98, 0.0, 1.33, -1.33, -2.66]
