[-2.66, -2.66, -1.33, 0.0, -1.33, 0.0, 0.0, -1.33, 0.0]
[-1.33, 0.0, 0.0, 0.0, 1.33, 0.0, 0.0, 1.32, 1.32]
[0.0, 1.33, 0.0, 0.0, 1.33, 0.0, 0.0, 0.0, 0.0]
[2.66, 1.33, 3.99, 1.33, 1.33, 2.66, 1.32, 0.0, 0.0]
[1.33, 1.33, 1.33, 0.0, 0.0, -1.33, 0.0, 0.0, 2.66]
[0.0, 1.33, 0.0, -1.33, 1.33, 0.0, 1.33, 0.0, -1.32]
[-2.65, 1.33, -1.33, -2.65, 3.99, 2.66, 0.0, 1.32, 0.0]
[1.33, 0.0, 1.33, 0.0, 1.33, 0.0, 0.0, 1.32, 0.0]
[0.0, 0.0, 2.66, 0.0, -1.33, 1.33, 0.0, 0.0, 0.0]
[1.33, 0.0, 0.0, -1.33, 0.0, 0.0, 0.0, 1.32, 0.0]
[0.0, 2.66, 1.33, 0.0, 1.33, 0.0, 1.32, 0.0, 0.0]
[0.0, 1.33, 1.33, -1.33, 1.33, -1.33, -1.33, 0.0, 0.0]
[1.33, 1.33, 2.66, 1.33, 0.0, 2.66, 0.0, 0.0, -1.33]
[1.33, 0.0, 1.33, 1.33, 2.66, 2.66, 1.32, 2.65, 0.0]
[1.33, 0.0, 1.33, 0.0, 1.33, 1.33, 0.0, 0.0, 0.0]
[1.33, 0.0, 0.0, 0.0, 0.0, 0.0, 0.0, -1.33, 0.0]
[-1.33, 1.33, 1.33, -1.33, 1.33, 1.33, 0.0, 0.0, -1.33]
[0.0, 1.33, 1.33, 1.33, 2.66, 1.33, 0.0, 1.32, 0.0]
[-2.66, -2.66, -1.33, 0.0, -1.33, 0.0, 0.0, -1.33, 0.0]
[0.0, 1.33, 0.0, 0.0, 1.33, 0.0, 0.0, 0.0, 0.0]
[2.66, 1.33, 3.99, 1.33, 1.33, 2.66, 1.32, 0.0, 0.0]
[0.0, 0.0, 2.66, 1.33, 1.33, 1.33, 0.0, 0.0, -1.33]
[1.33, 0.0, 1.33, 1.33, 1.33, 1.33, 0.0, 0.0, 0.0]
[0.0, 1.33, 0.0, -1.33, 1.33, 0.0, 1.33, 0.0, -1.32]
[-2.65, 1.33, -1.33, -2.65, 3.99, 2.66, 0.0, 1.32, 0.0]
[1.33, 0.0, 1.33, 0.0, 1.33, 0.0, 0.0, 1.32, 0.0]
[0.0, 0.0, 0.0, 0.0, 0.0, 2.66, 0.0, -1.33, 1.33]
[1.33, 0.0, 0.0, 0.0, 1.32, 0.0, -1.33, 0.0, 0.0]
[0.0, 2.66, 1.33, 1.32, 0.0, 0.0, 0.0, 1.33, 0.0]
[0.0, 1.33, 1.33, -1.33, 1.33, -1.33, -1.33, 0.0, 0.0]
[1.33, 1.33, 2.66, 0.0, 0.0, -1.33, 1.33, 0.0, 2.66]
[1.33, 0.0, 1.33, 1.33, 2.66, 2.66, 1.32, 2.65, 0.0]
[1.33, 0.0, 1.33, 0.0, 1.33, 1.33, 0.0, 0.0, 0.0]
[1.33, 0.0, 0.0, 0.0, 0.0, 0.0, 0.0, -1.33, 0.0]
[0.0, 5.31, 1.33, 1.32, 1.32, 0.0, 0.0, 3.99, 1.33]
[-1.33, 1.33, 1.33, -1.33, 1.33, 1.33, 0.0, 0.0, -1.33]
[1.33, 2.66, 1.33, 0.0, 1.32, 0.0, 0.0, 1.33, 1.33]
