[-1.33, -1.33, -2.66, 0.0, 1.32, 0.0, 0.0, 0.0, -2.66]
[-1.33, -1.33, -1.33, 1.32, 2.65, 1.32, 0.0, 0.0, 0.0]
[-1.32, -2.65, -3.98, -1.32, 1.33, -1.32, 0.0, -1.33, 0.0]
[0.0, -1.33, -1.33, 2.65, 3.98, 1.32, -1.33, -1.33, 0.0]
[1.33, 3.98, 3.98, -1.33, -7.97, -1.33, -1.32, -7.96, 3.99]
[-3.99, 0.0, 0.0, 1.33, 1.33, -1.32, 2.65, 3.98, 1.33]
[-2.66, -1.33, -1.33, 0.0, 2.65, 0.0, 1.33, 1.33, 0.0]
[-1.33, 1.33, 0.0, 0.0, -1.33, -1.33, 3.99, 0.0, 0.0]
[-1.33, -2.65, -2.65, 0.0, 1.33, 0.0, -1.32, -2.65, -2.65]
[-2.66, -1.33, -1.33, 1.32, 2.65, 3.98, 1.33, 1.33, -1.33]
[1.33, 2.66, 1.33, 0.0, 2.66, 0.0, -1.32, 0.0, 0.0]
[0.0, 0.0, 0.0, 0.0, 3.98, 1.32, 0.0, -1.33, 2.66]
[1.32, -5.32, 0.0, -1.32, 0.0, 0.0, -1.33, -1.33, 0.0]
[-3.99, -1.33, 0.0, 1.32, 1.32, 1.32, 1.33, 0.0, 1.33]
[-1.33, 0.0, -1.33, 0.0, 2.65, 1.32, -1.33, 0.0, -1.33]
[-3.99, -1.33, -2.66, 1.32, 3.98, 1.32, 0.0, 0.0, 1.33]
