[-2.66, -5.31, -1.33, -1.32, -2.65, -2.65, 0.0, -2.65, 1.33]
[-1.33, -5.31, 0.0, -1.33, 2.65, -1.33, 0.0, 0.0, -1.33]
[-2.66, -1.33, -1.33, -1.32, -1.32, 0.0, 0.0, 0.0, 1.33]
[-1.33, -1.33, -1.33, 0.0, -1.33, -1.33, 0.0, 0.0, 0.0]
[-1.33, -3.99, -1.33, -1.33, -6.64, 0.0, -1.32, -3.98, 0.0]
[-1.33, -2.66, 0.0, 0.0, -1.33, -1.33, -1.32, -2.65, 0.0]
[-1.33, -2.66, -7.97, 0.0, 1.32, 1.32, 0.0, 0.0, 3.98]
[1.33, -1.33, 1.33, 0.0, -1.33, 1.32, 0.0, 0.0, 2.65]
[0.0, -2.66, 0.0, -1.33, -1.33, 0.0, 0.0, -3.99, 2.65]
[0.0, -2.66, 0.0, -1.32, -2.65, 0.0, 0.0, -3.98, 0.0]
[0.0, -3.99, -1.33, -1.32, -2.65, -2.65, -2.65, -2.65, -1.33]
[0.0, -13.28, -1.33, 0.0, -3.99, 5.31, 0.0, 0.0, 0.0]
[0.0, -95.63, 0.0, 0.0, 1.32, -1.33, -1.33, 3.98, -1.33]
[2.66, -5.31, -3.98, 0.0, -2.66, 0.0, 0.0, -6.64, 1.33]
[0.0, -1.33, -1.33, 0.0, 0.0, 0.0, -1.33, -1.33, 0.0]
[-2.66, -2.66, -1.33, -1.32, -3.98, -1.32, -1.32, -1.32, 1.33]
