[-3.98, -3.98, -1.32, 0.0, 0.0, 0.0, 0.0, 0.0, 1.33]
[-1.32, -1.32, 0.0, 3.98, -2.66, 0.0, 1.32, -1.33, -1.33]
[-2.65, -2.65, -1.32, 0.0, 0.0, 1.32, 1.33, -2.66, 1.33]
[-1.33, -1.33, 0.0, 0.0, 0.0, 0.0, 2.65, 1.33, 1.33]
[-1.33, 0.0, -1.33, -1.32, -1.32, 1.33, 0.0, 1.32, 1.32]
[-2.65, -1.32, 0.0, -1.33, 0.0, 0.0, -2.66, 1.33, 0.0]
[-1.33, -1.33, 0.0, -3.98, 0.0, -1.33, 0.0, -1.33, -1.33]
[-2.65, -5.31, -2.65, -1.33, -1.33, -1.33, 0.0, -6.64, -1.33]
[-1.33, -1.33, 0.0, 0.0, 0.0, 0.0, 1.32, 1.32, 0.0]
[0.0, 0.0, 1.32, 1.33, 0.0, 6.64, 0.0, 1.33, -1.32]
[0.0, 0.0, 0.0, -1.33, 0.0, -1.33, -1.33, -1.33, 0.0]
[-3.98, 0.0, -2.65, -2.66, 0.0, 6.64, -1.33, -1.33, -2.66]
[-1.32, -1.32, 0.0, -1.33, -2.66, 0.0, 2.65, 1.33, 0.0]
[-2.65, -1.32, 1.33, 1.32, -1.33, 0.0, 2.66, 2.66, 3.98]
[-1.33, 0.0, 0.0, -1.33, 1.32, 0.0, 0.0, -2.65, 1.33]
[-1.33, -2.65, -1.33, -1.33, 6.64, 0.0, 0.0, 0.0, 0.0]
[-1.32, -2.65, 0.0, 0.0, 1.33, 0.0, 0.0, -1.33, 1.33]
[1.33, -1.33, 1.33, -1.32, -1.32, -1.32, 0.0, 0.0, 1.32]
