[17.27, 15.94, 15.94, 14.61, -54.45, -54.45, -53.13, -54.45, -41.17, -41.17, -41.17, -43.83]
[17.27, 15.94, 15.94, 15.94, -54.45, -53.13, -51.8, -53.13, -41.17, -41.17, -41.17, -41.17]
[18.59, 17.27, 15.94, 14.61, -53.13, -54.45, -51.8, -54.45, -39.84, -39.84, -41.17, -39.84]
[17.27, 17.27, 15.94, 15.94, -54.45, -51.8, -50.47, -53.13, -39.84, -41.17, -41.17, -39.84]
[-14.61, -13.28, -10.63, -10.63, 79.69, 78.36, 71.72, 78.36, 61.09, 59.77, 53.13, 65.08]
[17.27, 13.28, 17.27, 17.27, -53.13, -51.8, -51.8, -54.45, -41.17, -38.52, -37.19, -39.84]
[17.27, 14.61, 15.94, 15.94, -54.45, -54.45, -51.8, -54.45, -42.5, -41.17, -41.17, -42.5]
[-13.28, -14.61, -11.95, -13.28, 79.69, 79.69, 78.36, 78.36, 61.09, 65.08, 61.09, 61.09]
[19.92, 18.59, 17.27, 17.27, -53.13, -53.13, -51.8, -53.13, -38.52, -39.84, -41.17, -41.17]
[15.94, 13.28, 14.61, 14.61, -54.45, -53.13, -51.8, -50.47, -42.5, -41.17, -41.17, -43.83]
[-38.52, -37.19, -35.86, -37.19, -53.13, -53.13, -50.47, -53.13, 18.59, 17.27, 18.59, 18.59]
[15.94, 15.94, 15.94, 15.94, -54.45, -54.45, -50.47, -53.13, -42.5, -42.5, -43.83, -39.84]
[17.27, 18.59, 11.95, 17.27, -53.13, -54.45, -53.13, -53.13, -41.17, -42.5, -42.5, -41.17]
[17.27, 13.28, 15.94, 17.27, -54.45, -53.13, -53.13, -53.13, -41.17, -39.84, -41.17, -39.84]
[17.27, 15.94, 17.27, 15.94, -54.45, -54.45, -51.8, -53.13, -39.84, -41.17, -39.84, -41.17]
[17.27, 13.28, 15.94, 14.61, -54.45, -53.13, -50.47, -53.13, -41.17, -41.17, -41.17, -39.84]
