[1.33, 2.66, 0.0, 1.33, -57.11, -55.78, -55.78, -57.11, -55.78, -55.78, -59.77, -57.11]
[0.0, 0.0, -1.33, 0.0, -57.11, -55.78, -57.11, -58.44, -57.11, -57.11, -59.77, -57.11]
[0.0, -1.33, 0.0, 1.33, -57.11, -55.78, -57.11, -57.11, -57.11, -57.11, -57.11, -57.11]
[0.0, 0.0, 1.33, 1.33, -57.11, -55.78, -57.11, -57.11, -57.11, -57.11, -57.11, -57.11]
[0.0, 0.0, -1.33, 1.33, -57.11, -55.78, -57.11, -57.11, -57.11, -57.11, -59.77, -57.11]
[2.66, 1.33, 1.33, 2.66, -57.11, -54.45, -57.11, -58.44, -55.78, -54.45, -55.78, -57.11]
[2.66, 1.33, 1.33, 1.33, -57.11, -55.78, -58.44, -57.11, -55.78, -55.78, -58.44, -55.78]
[2.66, 1.33, 0.0, 1.33, -57.11, -55.78, -57.11, -55.78, -55.78, -54.45, -58.44, -55.78]
[1.33, 0.0, 0.0, 1.33, -57.11, -54.45, -57.11, -58.44, -57.11, -57.11, -59.77, -55.78]
[2.66, 1.33, 0.0, 0.0, -57.11, -55.78, -57.11, -55.78, -55.78, -55.78, -58.44, -57.11]
[2.66, 0.0, 0.0, 1.33, -57.11, -57.11, -54.45, -57.11, -55.78, -57.11, -57.11, -57.11]
[1.33, 0.0, -1.33, 0.0, -57.11, -54.45, -54.45, -57.11, -57.11, -55.78, -54.45, -58.44]
[0.0, -1.33, -1.33, -1.33, -57.11, -57.11, -57.11, -57.11, -58.44, -58.44, -59.77, -59.77]
[0.0, 0.0, -2.66, 0.0, -57.11, -57.11, -55.78, -57.11, -57.11, -58.44, -58.44, -57.11]
[1.33, 0.0, 0.0, 0.0, -57.11, -55.78, -53.13, -57.11, -57.11, -55.78, -58.44, -59.77]
