[-31.88, -31.88, -30.55, -31.88, -51.8, -51.8, -49.14, -51.8, -81.02, -81.02, -77.03, -81.02]
[-31.88, -31.88, -31.88, -33.2, -51.8, -51.8, -50.47, -50.47, -79.69, -81.02, -81.02, -81.02]
[-33.2, -33.2, -33.2, -30.55, -50.47, -51.8, -51.8, -47.81, -81.02, -79.69, -81.02, -79.69]
[-34.53, -33.2, -31.88, -30.55, -50.47, -50.47, -47.81, -49.14, -81.02, -79.69, -81.02, -79.69]
[-34.53, -33.2, -30.55, -33.2, -50.47, -50.47, -45.16, -50.47, -81.02, -81.02, -75.7, -81.02]
[-33.2, -33.2, -34.53, -33.2, -50.47, -49.14, -49.14, -50.47, -81.02, -81.02, -79.69, -81.02]
[-34.53, -33.2, -30.55, -29.22, -50.47, -50.47, -51.8, -46.48, -79.69, -81.02, -82.34, -79.69]
[-31.88, -31.88, -31.88, -30.55, -81.02, -79.69, -78.36, -79.69, -51.8, -53.13, -50.47, -51.8]
[-51.8, -51.8, -50.47, -50.47, -79.69, -81.02, -79.69, -79.69, -33.2, -33.2, -34.53, -31.88]
[-50.47, -51.8, -50.47, -50.47, -81.02, -79.69, -79.69, -79.69, -34.53, -33.2, -30.55, -33.2]
[-33.2, -33.2, -31.88, -29.22, -50.47, -50.47, -50.47, -50.47, -81.02, -79.69, -79.69, -81.02]
[-51.8, -51.8, -49.14, -51.8, -81.02, -81.02, -78.36, -81.02, -33.2, -33.2, -34.53, -33.2]
[-31.88, -31.88, -31.88, -30.55, -51.8, -51.8, -51.8, -49.14, -79.69, -79.69, -79.69, -81.02]
[-30.55, -31.88, -30.55, -30.55, -53.13, -53.13, -51.8, -51.8, -79.69, -81.02, -79.69, -79.69]
[-33.2, -33.2, -34.53, -34.53, -50.47, -50.47, -50.47, -50.47, -81.02, -81.02, -81.02, -81.02]
[-33.2, -33.2, -33.2, -31.88, -51.8, -53.13, -50.47, -51.8, -81.02, -81.02, -81.02, -81.02]
[-51.8, -50.47, -50.47, -50.47, -33.2, -33.2, -34.53, -33.2, -81.02, -81.02, -81.02, -81.02]
[-33.2, -34.53, -27.89, -33.2, -50.47, -50.47, -47.81, -51.8, -81.02, -79.69, -75.7, -81.02]
[-50.47, -50.47, -50.47, -47.81, -81.02, -79.69, -82.34, -81.02, -34.53, -33.2, -34.53, -31.88]
