[-35.86, -34.53, -29.22, -29.22, -53.13, -58.44, -49.14, -35.86, -82.34, -86.33, -77.03, -75.7]
[-35.86, -33.2, -33.2, -37.19, -54.45, -57.11, -51.8, -51.8, -82.34, -86.33, -78.36, -61.09]
[-35.86, -35.86, -37.19, -31.88, -51.8, -58.44, -46.48, -43.83, -79.69, -85.0, -71.72, -66.41]
[-34.53, -38.52, -37.19, -37.19, -51.8, -65.08, -54.45, -53.13, -79.69, -78.36, -78.36, -74.38]
[-34.53, -37.19, -35.86, -33.2, -53.13, -63.75, -57.11, -49.14, -81.02, -90.31, -73.05, -69.06]
[-34.53, -37.19, -37.19, -35.86, -53.13, -55.78, -53.13, -49.14, -81.02, -81.02, -78.36, -69.06]
[-34.53, -31.88, -35.86, -34.53, -53.13, -61.09, -53.13, -59.77, -79.69, -86.33, -78.36, -65.08]
[-35.86, -35.86, -34.53, -33.2, -53.13, -62.42, -54.45, -49.14, -81.02, -77.03, -77.03, -63.75]
[-35.86, -35.86, -33.2, -33.2, -54.45, -61.09, -50.47, -50.47, -82.34, -79.69, -71.72, -58.44]
[-35.86, -34.53, -35.86, -30.55, -53.13, -59.77, -53.13, -55.78, -82.34, -83.67, -77.03, -70.39]
[-34.53, -33.2, -34.53, -34.53, -81.02, -82.34, -69.06, -67.73, -54.45, -59.77, -49.14, -51.8]
[-34.53, -33.2, -33.2, -41.17, -54.45, -58.44, -54.45, -54.45, -79.69, -83.67, -78.36, -69.06]
[-35.86, -35.86, -33.2, -35.86, -53.13, -59.77, -53.13, -49.14, -81.02, -88.98, -79.69, -66.41]
[-34.53, -34.53, -34.53, -29.22, -53.13, -58.44, -51.8, -47.81, -81.02, -81.02, -79.69, -71.72]
[-33.2, -33.2, -37.19, -41.17, -53.13, -62.42, -42.5, -59.77, -81.02, -75.7, -71.72, -59.77]
[-35.86, -41.17, -37.19, -34.53, -54.45, -70.39, -55.78, -65.08, -81.02, -82.34, -67.73, -70.39]
[-34.53, -35.86, -33.2, -39.84, -53.13, -55.78, -50.47, -57.11, -79.69, -83.67, -78.36, -74.38]
