[-7.97, 0.0, 7.97, -15.93, -1.32, 10.63, 1.32, 3.98, 13.28]
[-1.33, 0.0, 3.98, -6.64, 1.33, 5.31, -3.99, 2.65, 9.29]
[5.31, -6.64, -1.33, 14.6, 1.32, 2.65, 6.64, 11.95, 11.95]
[10.63, 0.0, 9.3, 19.92, 3.98, 14.61, 7.97, 11.95, 15.94]
[-3.98, 5.31, 0.0, -6.64, 2.66, -2.65, -6.64, 3.98, 9.29]
[5.31, -5.31, -5.31, -14.61, 2.65, -5.32, 10.62, 1.33, 5.31]
[0.0, 0.0, 7.97, -3.98, 5.32, 6.64, -1.33, 3.98, 9.29]
[-5.32, 3.98, -6.65, -10.62, 2.66, 6.64, 5.31, 5.31, 19.92]
[-1.32, -1.32, -6.64, 173.99, 3.99, 19.92, 2.65, 3.98, 2.65]
[-5.31, 0.0, 7.97, -13.29, 2.65, 11.95, -2.65, -1.32, 10.63]
[-6.65, 1.32, -1.33, 6.64, 6.64, 13.28, -1.33, 2.66, 0.0]
[1.32, 6.64, 14.6, -3.98, 5.31, 10.63, -1.33, 7.97, 11.95]
[-10.62, 2.66, 3.99, -13.28, 0.0, 2.66, 166.01, 7.97, 9.29]
[-7.97, -3.98, 2.66, 0.0, 2.65, 10.62, -10.62, -2.65, 5.32]
[-3.99, 0.0, 2.65, -10.62, 2.66, 6.64, -6.64, 5.31, 7.96]
[-11.95, 2.66, -9.3, -11.96, 6.64, -6.64, -3.98, 5.31, 5.31]
[-7.97, 5.32, 3.99, -10.63, 7.97, 7.97, -7.97, 10.63, 10.63]
[-3.98, 2.66, 5.31, -9.3, 0.0, 6.64, -2.66, 2.66, 6.64]
