[-19.92, -18.59, -21.25, -19.92, -57.11, -54.45, -55.78, -62.42, -73.05, -69.06, -70.39, -51.8]
[-18.59, -18.59, -18.59, -18.59, -57.11, -62.42, -55.78, -54.45, -71.72, -74.38, -69.06, -58.44]
[-18.59, -17.27, -15.94, -18.59, -55.78, -58.44, -51.8, -55.78, -70.39, -59.77, -58.44, -58.44]
[-22.58, -19.92, -19.92, -22.58, -57.11, -58.44, -55.78, -57.11, -74.38, -77.03, -69.06, -66.41]
[-19.92, -18.59, -18.59, -19.92, -57.11, -61.09, -57.11, -57.11, -71.72, -71.72, -69.06, -55.78]
[-19.92, -18.59, -17.27, -19.92, -55.78, -63.75, -51.8, -57.11, -71.72, -81.02, -61.09, -58.44]
[-18.59, -19.92, -15.94, -22.58, -57.11, -59.77, -55.78, -65.08, -71.72, -83.67, -69.06, -69.06]
[-18.59, -18.59, -19.92, -21.25, -55.78, -62.42, -55.78, -55.78, -70.39, -74.38, -67.73, -55.78]
[-21.25, -18.59, -21.25, -23.91, -57.11, -63.75, -54.45, -61.09, -73.05, -65.08, -66.41, -51.8]
[-19.92, -17.27, -18.59, -18.59, -57.11, -62.42, -50.47, -61.09, -71.72, 96.95, -58.44, -81.02]
[-17.27, -15.94, -17.27, -19.92, -57.11, -66.41, -53.13, -54.45, -71.72, -58.44, -62.42, -55.78]
[-19.92, -18.59, -21.25, -18.59, -55.78, -59.77, -55.78, -53.13, -71.72, -62.42, -63.75, -61.09]
[-18.59, -17.27, -18.59, -21.25, -55.78, -71.72, -54.45, -46.48, -71.72, -62.42, -63.75, -58.44]
[-18.59, -17.27, -17.27, -18.59, -55.78, -67.73, -58.44, -66.41, -71.72, -55.78, -70.39, -51.8]
[-18.59, -18.59, -17.27, -19.92, -55.78, -66.41, -54.45, -53.13, -71.72, -63.75, -66.41, -59.77]
[-19.92, -19.92, -17.27, -21.25, -57.11, -59.77, -54.45, -59.77, -71.72, -75.7, -65.08, -50.47]
[-19.92, -18.59, -19.92, -21.25, -57.11, -59.77, -55.78, -59.77, -73.05, 88.98, -69.06, -67.73]
[-21.25, -19.92, -18.59, -19.92, -55.78, -58.44, -62.42, -49.14, -73.05, -75.7, -71.72, -58.44]
