[-42.5, -50.47, -42.5, -34.53, -45.16, -61.09, -46.48, -34.53, -82.34, -81.02, -78.36, -69.06]
[-42.5, -43.83, -42.5, -38.52, -47.81, -54.45, -46.48, -42.5, -83.67, -87.66, -81.02, -74.38]
[-43.83, -38.52, -50.47, -45.16, -46.48, -31.88, -45.16, -43.83, -85.0, -78.36, -73.05, -73.05]
[-45.16, -34.53, -45.16, -35.86, -47.81, -27.89, -43.83, -33.2, -85.0, -77.03, -73.05, -69.06]
[-43.83, -47.81, -38.52, -43.83, -45.16, -51.8, -42.5, -47.81, -83.67, -90.31, -79.69, -74.38]
[-43.83, -38.52, -49.14, -49.14, -46.48, -61.09, -43.83, -51.8, -83.67, -73.05, -82.34, -78.36]
[-45.16, -45.16, -45.16, -37.19, -45.16, -49.14, -39.84, -38.52, -82.34, -83.67, -78.36, -73.05]
[-46.48, -51.8, -42.5, -53.13, -45.16, -55.78, -42.5, -38.52, -85.0, -79.69, -79.69, -65.08]
[-45.16, -46.48, -46.48, -51.8, -86.33, 87.66, -82.34, -66.41, -47.81, -45.16, -43.83, -45.16]
[-42.5, -47.81, -42.5, -34.53, -46.48, -59.77, -43.83, -34.53, -81.02, -83.67, -82.34, -70.39]
[-46.48, -53.13, -45.16, -47.81, -85.0, -78.36, -78.36, -71.72, -43.83, -45.16, -41.17, -43.83]
[-46.48, -45.16, -39.84, -31.88, -43.83, -47.81, -38.52, -33.2, -83.67, -85.0, -75.7, -71.72]
[-43.83, -54.45, -41.17, -39.84, -45.16, -58.44, -45.16, -42.5, -83.67, 82.34, -75.7, -74.38]
[-42.5, -50.47, -46.48, -39.84, -82.34, -82.34, -79.69, -71.72, -45.16, -55.78, -47.81, -39.84]
[-46.48, -50.47, -46.48, -43.83, -43.83, -54.45, -41.17, -37.19, -82.34, -88.98, -77.03, -74.38]
[-43.83, -55.78, -41.17, -53.13, -47.81, -59.77, -41.17, -54.45, -85.0, -88.98, -79.69, -79.69]
[-45.16, -53.13, -39.84, -41.17, -49.14, -59.77, -41.17, -41.17, -86.33, -94.3, -75.7, -75.7]
[-43.83, -47.81, -41.17, -38.52, -47.81, -57.11, -47.81, -41.17, -85.0, -87.66, -82.34, -78.36]
