[1.33, -1.33, 0.0, 2.66, 1.33, -5.31, 3.99, 2.66, 21.25]
[0.0, 0.0, 0.0, -5.31, 1.33, 2.66, -2.66, 2.66, 13.28]
[1.32, 2.65, 0.0, -2.66, 3.98, 0.0, 10.62, 11.95, 11.95]
[2.66, 2.66, 0.0, -1.33, 1.33, 0.0, -2.65, 5.32, 7.97]
[1.33, 1.33, 0.0, -3.98, 0.0, 0.0, 0.0, 2.66, 15.94]
[1.33, 2.65, 0.0, -7.97, 3.98, -1.33, -9.3, 10.63, 13.28]
[-1.33, 2.65, -3.99, -2.66, 1.33, -7.97, -11.95, 2.66, 2.66]
[0.0, -1.33, -2.66, -6.64, 0.0, 0.0, -3.99, 2.66, 14.61]
[2.66, 0.0, -2.66, -6.64, 2.66, -3.98, 7.97, 6.64, 21.25]
[2.65, 1.33, 1.33, -5.31, 6.64, -3.98, 168.67, 13.28, -9.3]
[1.33, 0.0, -2.65, -9.3, 3.98, 2.66, 13.28, 9.3, 15.94]
[1.33, -1.33, 1.33, -3.99, 0.0, 2.65, 9.3, 7.97, 10.63]
[1.32, 0.0, -2.66, -15.94, 1.33, 9.3, 9.3, 7.97, 13.28]
[1.32, 1.32, 0.0, -11.95, -2.66, -10.63, 15.94, 1.33, 19.92]
[0.0, 1.32, -1.33, -10.63, 1.33, 2.65, 7.97, 5.31, 11.95]
[0.0, 2.65, -1.33, -2.66, 2.66, -2.66, -3.98, 6.64, 21.25]
[1.33, 0.0, -1.33, -2.66, 1.33, -2.66, 162.03, 3.99, 5.32]
[1.33, 2.66, 1.33, -2.66, -6.64, 6.64, -2.65, 1.33, 14.61]
