[19.92, 18.59, 9.3, 14.61, -51.8, -57.11, -50.47, -46.48, -38.52, -37.19, -35.86, -35.86]
[17.27, 18.59, 14.61, 14.61, -53.13, -55.78, -50.47, -51.8, -39.84, -43.83, -39.84, -41.17]
[15.94, 17.27, 15.94, 14.61, -53.13, -54.45, -51.8, -45.16, -42.5, -41.17, -38.52, -34.53]
[17.27, 17.27, 15.94, 14.61, -51.8, -53.13, -51.8, -45.16, -39.84, -46.48, -35.86, -34.53]
[15.94, 21.25, 10.63, 15.94, -51.8, -54.45, -31.88, -43.83, -37.19, -38.52, -27.89, -33.2]
[18.59, 18.59, 11.95, 14.61, -50.47, -55.78, -50.47, -47.81, -38.52, -42.5, -34.53, -37.19]
[17.27, 17.27, 15.94, 14.61, -51.8, -57.11, -49.14, -49.14, -41.17, -42.5, -39.84, -38.52]
[17.27, 18.59, 17.27, 17.27, -39.84, -39.84, -38.52, -37.19, -51.8, -62.42, -49.14, -50.47]
[15.94, 17.27, 10.63, 15.94, -51.8, -59.77, -47.81, -50.47, -41.17, -45.16, -34.53, -37.19]
[17.27, 17.27, 17.27, 15.94, -51.8, -54.45, -51.8, -50.47, -39.84, -35.86, -38.52, -37.19]
[17.27, 18.59, 15.94, 14.61, -50.47, -55.78, -50.47, -46.48, -41.17, -35.86, -37.19, -34.53]
