[1.33, 6.64, 6.64, -5.31, 3.99, 17.27, -3.99, 5.31, 6.64]
[2.66, 2.66, -1.33, -2.66, 2.65, 2.65, -3.99, 3.98, 21.25]
[0.0, -1.33, 3.98, -6.64, 5.32, 7.97, -5.31, 7.97, 13.28]
[-3.99, -2.66, -2.66, -13.28, -2.65, -1.33, 1.33, 1.33, 5.31]
[-2.66, -1.33, 1.33, -10.62, -3.98, 3.99, -9.29, 7.97, 11.96]
[-2.66, -2.66, -1.33, -2.65, 0.0, 3.99, 0.0, 2.66, 11.96]
[2.65, -1.33, 0.0, -7.96, 0.0, -6.64, -6.64, 1.33, 14.61]
[0.0, 1.33, 2.66, -9.29, -1.32, 3.99, 3.99, 3.99, 17.27]
[0.0, 2.66, 2.66, -6.64, 3.98, 3.98, 2.65, 10.62, 23.9]
[1.33, 0.0, 5.31, -6.64, 0.0, -2.65, -1.33, 5.31, 11.95]
[1.33, 0.0, 0.0, -1.32, 11.96, 13.29, -5.32, 5.31, 2.65]
[1.33, 1.33, -6.64, -3.99, 0.0, 0.0, -3.98, 1.33, 10.63]
[0.0, 2.66, 0.0, -6.64, 0.0, 3.99, -7.96, 1.33, 14.61]
[0.0, 0.0, 5.31, -5.31, 1.33, 5.32, 0.0, 1.33, 9.3]
[0.0, -3.99, -7.97, -9.29, 10.63, -6.64, 5.32, 9.3, 21.25]
[-5.31, -1.33, 1.33, -15.94, -1.33, -10.63, -1.32, 13.29, 10.63]
[-1.33, 1.33, -5.31, -2.65, 2.66, -3.98, -3.98, 1.33, 5.31]
