[-1.33, 0.0, -2.66, -3.99, 1.33, -2.66, 1.33, 1.33, 21.25]
[-2.65, -2.65, -2.65, -1.33, 1.33, 1.33, 0.0, -5.31, -3.98]
[-1.33, -2.66, -1.33, 0.0, 0.0, 0.0, 1.33, -1.33, 1.33]
[-1.33, -3.99, -1.33, -1.33, 1.33, -3.99, -1.33, -2.66, -6.64]
[0.0, 0.0, 0.0, 3.98, 3.98, 3.98, 3.98, 0.0, 2.66]
[-1.33, -2.66, -2.66, -6.64, 3.98, 3.98, 0.0, 3.98, 14.61]
[-1.33, -3.99, -1.33, -5.31, 1.33, 3.98, 10.63, -1.33, 0.0]
[0.0, 0.0, -1.33, -2.66, 1.33, 2.65, 0.0, 1.33, 0.0]
[-1.33, -1.33, -1.33, -2.66, 5.31, 3.98, 2.65, 3.98, 5.31]
[0.0, 0.0, 0.0, -5.31, 6.64, 2.65, -3.99, 9.29, 18.59]
[-1.33, -1.33, -2.66, -1.33, 1.33, 2.65, -1.33, -1.33, 2.65]
[-2.65, -3.98, -3.98, -1.32, -3.98, -9.29, -2.66, 0.0, -6.64]
[0.0, 0.0, 0.0, -1.33, -1.33, -6.64, 6.64, 0.0, -7.97]
[0.0, 0.0, -1.33, -5.31, 1.33, 5.31, 1.33, 0.0, 3.98]
[0.0, 0.0, -1.33, -2.66, 3.98, 13.28, -2.66, 3.98, 0.0]
[-1.32, -2.65, -3.98, -5.32, 0.0, 21.25, -1.32, -2.65, 19.93]
[0.0, 0.0, -1.33, -5.32, 0.0, 3.98, 1.33, 1.33, 3.98]
[-1.33, -2.66, -1.33, -1.33, 2.65, 6.64, -5.32, -1.33, 6.64]
