[-1.33, -10.62, -5.31, -5.31, 1.33, 5.32, 1.33, 2.66, 2.66]
[1.32, -2.66, -2.66, -2.65, 2.66, 1.33, -3.99, 0.0, -1.33]
[1.33, 0.0, -1.33, -1.32, 1.33, 7.97, 1.33, 3.98, 7.97]
[0.0, -1.33, -2.66, -1.33, 0.0, 6.64, -6.64, 3.98, 5.31]
[5.31, -5.31, 0.0, -2.65, 19.92, 7.97, -1.33, 9.3, 3.99]
[0.0, -6.64, -3.98, -5.31, 0.0, 2.66, -3.98, 3.99, 1.33]
[0.0, -1.33, -2.66, -5.31, 2.66, 2.66, -1.33, 1.33, 2.65]
[1.32, 0.0, 0.0, 0.0, 1.32, 2.65, -10.62, 2.66, 1.33]
[1.33, -5.31, 0.0, -7.97, 3.99, 1.33, -3.99, 6.64, 3.98]
[0.0, 0.0, -1.33, -2.65, 0.0, 1.33, 3.98, 1.32, 2.65]
[1.32, -1.33, -2.66, -5.31, 0.0, 3.99, 5.31, 3.98, 6.64]
