[2.66, 1.33, 2.66, 0.0, -55.78, -59.77, -54.45, -58.44, -55.78, -54.45, -54.45, -34.53]
[3.98, 1.33, 1.33, 1.33, -55.78, -57.11, -54.45, -54.45, -53.13, -53.13, -58.44, -57.11]
[1.33, 0.0, -1.33, 0.0, -55.78, -55.78, -55.78, -55.78, -57.11, -55.78, -58.44, -55.78]
[2.66, 1.33, -1.33, 1.33, -55.78, -57.11, -54.45, -59.77, -54.45, -55.78, -57.11, -61.09]
[0.0, 0.0, 0.0, 0.0, -57.11, -53.13, -53.13, -53.13, -57.11, -53.13, -57.11, -54.45]
[2.66, 1.33, 0.0, 0.0, -55.78, -62.42, -51.8, -51.8, -55.78, -55.78, -51.8, -41.17]
[1.33, 0.0, -2.66, 0.0, -55.78, -61.09, -54.45, -51.8, -57.11, -46.48, -58.44, -57.11]
[0.0, 0.0, 0.0, -1.33, -55.78, -58.44, -54.45, -53.13, -57.11, -57.11, -55.78, -57.11]
[1.33, 0.0, 0.0, 0.0, -55.78, -58.44, -50.47, -51.8, -55.78, -53.13, -51.8, -50.47]
[1.33, 1.33, 1.33, 1.33, -55.78, -61.09, -49.14, -53.13, -54.45, -58.44, -45.16, -35.86]
[2.66, 1.33, 1.33, 0.0, -55.78, -57.11, -54.45, -53.13, -54.45, -55.78, -55.78, -51.8]
[3.98, 1.33, 0.0, 0.0, -53.13, -54.45, -57.11, -62.42, -54.45, -57.11, -54.45, -61.09]
[0.0, 0.0, 0.0, 0.0, -55.78, -57.11, -57.11, -62.42, -57.11, -50.47, -57.11, -65.08]
[1.33, 1.33, 1.33, 0.0, -55.78, -61.09, -54.45, -50.47, -55.78, -54.45, -55.78, -51.8]
[1.33, 1.33, 1.33, 0.0, -55.78, -58.44, -51.8, -42.5, -55.78, -58.44, -51.8, -55.78]
[3.98, 2.66, 1.33, 0.0, -54.45, -59.77, -54.45, -33.2, -53.13, -54.45, -55.78, -33.2]
[0.0, 0.0, 0.0, -1.33, -54.45, -59.77, -54.45, -50.47, -57.11, -55.78, -55.78, -53.13]
[2.66, 1.33, 0.0, 1.33, -55.78, -57.11, -53.13, -49.14, -54.45, -59.77, -55.78, -47.81]
